Order 1 
Roots: 0.0
Weights: 2.0

Order 2 
Roots: 0.5773502691896257 -0.5773502691896257
Weights: 1.0000000000000004 1.0000000000000004

Order 3 
Roots: 0.7745966692414834 0.0 -0.7745966692414834
Weights: 0.5555555555555554 0.8888888888888888 0.5555555555555554

Order 4 
Roots: 0.8611363115940526 0.3399810435848563 -0.3399810435848563 -0.8611363115940526
Weights: 0.3478548451374537 0.652145154862546 0.652145154862546 0.3478548451374537

Order 5 
Roots: 0.906179845938664 0.5384693101056831 0.0 -0.5384693101056831 -0.906179845938664
Weights: 0.2369268850561891 0.47862867049936647 0.5688888888888889 0.47862867049936647 0.2369268850561891

